949
1079
830
918
3394
929
1025
1123
966
1128
1247
722
1058
1388
3335
1249
1022
1193
1136
1507
875
1455
1027
1056
1050
1306
1299
1075
1147
1008
848
1132
1570
1122
1047
1270
1001
3380
1169
1534
1375
1105
3458
1095
1051
948
1142
1254
1104
1054
1208
1361
1127
693
1028
1446
1155
1172
1154
1031
1327
859
1111
1067
950
1103
702
921
857
982
1024
1170
1096
3299
994
3392
1112
1220
1283
1102
1018
957
904
1194
1314
996
1398
945
938
762
1015
1077
1318
1093
715
3395
139
1046
343
3400
965
1372
1141
990
920
3429
946
3389
701
1328
1264
1023
1012
1371
1116
1107
992
1066
1087
914
1010
980
1080
1341
3346
1231
1145
1063
745
1200
653
3401
737
1044
1055
1187
1120
936
1248
1000
1402
1195
3410
3423
1148
860
1045
3333
3347
1064
1133
1157
979
833
1533
1234
1021
937
1159
1198
1201
1229
1235
958
1152
774
3338
836
1298
3348
1057
991
835
1041
997
917
3481
1373
1479
1052
1221
1032
1086
3495
1118
896
1074
1073
1268
928
1004
1167
837
1168
1013
1065
1038
1084
1083
911
1319
1097
961
160
981
804
3386
1033
3340
1173
1035
3479
951
1094
796
3482
604
912
1261
3334
3480
1072
1121
1478
1374
1059
3341
867
3356
1162
3342
1085
1222
866
927
995
655
3455
1005
1117
1267
1149
1153
856
933
3117
1212
201
805
960
1011
3374
1207
1060
934
1082
1034
573
1014
3343
1269
3416
1108
3388
3393
3361
3378
3372
1053
3351
3381
3367
3373
3391
3345
3379
3377
3355
3358
3350
3365
3357
3376
3390
3337
3360
3336
3363
3385
3375
3370
3369
3349
3362
3368
3387
3371
3359
3344
3364
